1.041799756569712770e-01 4.955475470047494557e-01 -2.561431762859029959e+00 -2.041584078121730261e+00 -7.492443393022671372e-02 1.596348219161529691e+00 6.323352744305431594e-01 -1.950469552352624314e+00 -1.657173884343334513e-01 -7.179199500554071800e-02 2.793510834180162883e-01 3.992098057757342278e-01 -1.495451878359659904e-02 -2.743073003738386029e-02 1.054212953298588606e-01 -3.502990580988180752e-02 2.631887708328203151e-02 -4.605936690523653593e-03
2.405202438730520975e-01 2.914842422461587090e-01 -1.765975098967954349e+00 -4.977999901714840747e-01 3.045010921876672993e-01 -3.029635769154889746e-01 -1.331386556596400927e+00 1.664926081716626038e+00 1.816187528020763997e+00 5.118733254039139480e-01 -2.043920971462933167e+00 -4.705750945617686032e-01 -1.079121701930435967e-01 1.299902529364888315e-01 2.017957923930920883e-01 1.028521017107302482e+00 4.887544208954719416e-01 6.551725744301581944e-01
6.527071402152896384e-01 4.438736118024442234e-01 -1.456282118962149319e+00 6.278892768472539299e-01 9.024659984051626171e-01 -1.468878032986362658e+00 -1.780192487634745246e+00 9.079162542115398749e-02 2.211553355375736607e-01 -2.063594418169632794e-01 1.261963264984796274e+00 1.510356628302764959e+00 2.150577163678733528e-01 -7.207435984009431529e-01 9.096553072000734819e-02 -1.620031714173655324e+00 -6.361303755657022885e-01 -1.081113416045135667e+00
9.111103911419415891e-01 8.592581820541165261e-01 -9.411695160988666764e-01 1.324353805652805249e+00 1.029592708566408721e+00 -1.339448531974541279e+00 2.045286296958326588e-01 -9.007015562820954724e-01 -1.000039070670361685e+00 -2.987950684313446792e-01 8.865333984542038692e-01 -6.196575528162361346e-01 -7.352055755260704650e-01 1.643525407374255343e+00 -6.775125847696003581e-06 1.869424558379606305e+00 5.081261951399570487e-01 8.915434045078823866e-01
1.029903657506219483e+00 1.300422633971030972e+00 -4.784993904113074570e-01 1.284860420087450494e+00 6.515131412673590416e-01 5.194059297645832463e-02 1.293277618441038834e+00 -2.247751090982925415e-01 -6.809782556531356335e-01 4.413876913602534091e-01 -1.184817729588521162e+00 -1.099964077021774900e+00 1.611810188091966856e+00 -2.107779355612565464e+00 4.994408110414241819e-02 -6.547201358670786675e-01 -2.982572524151365090e-01 6.097291936818308722e-01
1.183174925463002181e+00 1.519030983160306603e+00 1.055635794181998821e-01 8.016009041300304894e-01 -8.779511079349766600e-02 1.130531078065739825e+00 1.011759075761966553e+00 6.748308212593564503e-01 2.505606421217499435e-01 3.747573806320176337e-01 -8.979853263152222098e-01 4.757086445866529067e-01 -2.319596630365175827e+00 1.148675178772827099e+00 -1.129634394937232833e-01 -1.243072824632899032e+00 -4.293450128106884867e-01 -1.083976189311340876e+00
1.411311168505418490e+00 1.349217232754533757e+00 5.900930156754817801e-01 2.267019692522781807e-02 -8.206051012778802223e-01 1.120601474359652627e+00 -9.171642440225233339e-02 8.138582913486634984e-01 6.109652825766997974e-01 -3.406882581551187172e-01 9.045648003160020600e-01 1.084871083278380555e+00 2.339188157976915150e+00 8.016493445490306957e-01 -1.159682248193563414e-01 1.314700848068590444e+00 3.517369239157902006e-01 -8.287929056084690771e-01
1.597249081009582072e+00 8.021685665252441533e-01 7.870455438537981019e-01 -8.602222269660295684e-01 -1.002918642057895493e+00 2.598082185236259556e-01 -1.071742329929840309e+00 1.697985931312809282e-01 7.585160694188912596e-03 -4.888481764440196775e-01 1.157249970396690308e+00 -4.884221387220266108e-01 -1.757739473559218002e+00 -2.155921211282554761e+00 5.927003580025747009e-02 6.241113979569105075e-01 2.196681065405921562e-01 1.099110095156748512e+00
1.660306164193646961e+00 -1.194788653834791617e-02 7.202134038628631441e-01 -1.322280161812050103e+00 -4.203430657390098690e-01 -6.763034708376144399e-01 -9.009649714306444679e-01 -5.756264487269318053e-01 -2.292656902229153471e-01 1.169980172062973500e-01 -4.429029713498063847e-01 -1.082731197239106935e+00 8.994536664392049907e-01 1.826396822134704001e+00 2.614354076800051163e-01 -1.961560514883375905e+00 -3.321770238255261076e-01 1.266145954912682559e+00
1.799497960705174870e+00 -1.058682310215931066e+00 7.739148976403520397e-01 -1.154791921908441044e+00 6.045514005415902892e-01 -1.326370492775912791e+00 3.950269406753472712e-01 -1.070180737605001431e+00 -2.235550572134889780e-01 5.567025241220522336e-01 -1.457097812650680835e+00 6.927066310379059733e-01 -2.006745757417211784e-01 -5.704926323663390697e-01 -3.801842870312853173e-01 1.160976625828433750e+00 5.428519232463988736e-02 -1.867017916514192244e+00
9.205021967237042579e-01 -1.130575409179473523e+00 -3.610329955000519120e-01 -8.746828468921257205e-01 9.704816874291053441e-01 -7.276072232308771204e-01 2.527797278122840829e+00 1.553907715062857742e+00 1.167701410251242855e+00 -5.309814389988354311e-01 1.301308205986039024e+00 3.540239358035260353e-01 -4.203461954630657166e-02 -7.133499882098731648e-02 3.593713347910876266e-01 -4.891050118147101666e-01 2.221103826637065015e-01 8.743176832604254711e-01
7.750607745519108027e-01 -1.386602582553432272e+00 -2.500798591743119137e-01 -8.123337053363851104e-03 1.227627085807843965e+00 1.615429833126972969e+00 -7.321694037864661109e-01 1.159793698990001731e+00 -1.530532856401824571e+00 1.055955686032793439e+00 3.330957097534906763e-01 9.359244851486801797e-02 2.835036165581724180e-02 1.642768849865693936e-01 -2.061803436429614500e-01 7.079577135259532694e-01 -2.238090106711287053e+00 4.973924249373383177e-01
9.961828006854092088e-01 -1.608584242507290929e+00 -1.943208155916316404e-01 1.000596420614996873e+00 6.991840525295507369e-01 1.503836830791277723e+00 -7.375712424313669580e-01 -6.908949827693881829e-02 -5.249974088694261409e-01 -1.557111883576911548e-01 -7.177963670401477092e-02 -3.014677970322691448e-03 -1.646697208475833910e-02 -8.673616906004515126e-02 3.391376593882254875e-01 -7.763541202406885056e-01 3.000413215513741072e+00 -1.506511373090314021e-01
8.238344161355030115e-01 -1.367817448520775914e+00 -4.270811610452050489e-01 1.301157302881811528e+00 -5.645690970537564635e-01 5.929792140011704848e-01 -1.180277484006034272e-01 -9.764891033069247328e-01 1.546946632843825054e+00 -2.465794998766329016e+00 -3.564653958905655284e-01 -9.616092069927119068e-01 7.694161291311817476e-04 3.220007420051512748e-02 -2.119663611523564528e-01 2.103808420573392568e-01 -1.489771940773003234e+00 -3.776777709368992486e-01
5.457273754583773506e-01 -9.908952126434416030e-01 -7.594329663675440933e-01 1.018647971848229972e+00 -1.919962163959787915e+00 -2.996642593416379285e-01 3.301783329696395541e-01 -5.522114272886711195e-01 1.066101330640939482e+00 2.800436782556946724e+00 1.097574108112619573e+00 -6.051952416556245495e-01 -6.124760849544009719e-03 2.061828538687340753e-03 -5.783236864237143449e-01 -1.385128349017064088e-02 -2.925755595485114019e-02 -1.498344891959672298e-01
3.376979916350691391e-01 -6.457088845790760478e-01 -8.821792417062587210e-01 4.587074623663077166e-01 -2.094435259271741234e+00 -6.459443795944841415e-01 3.788046486933484558e-01 5.537356860576176931e-01 -1.503664175240312595e+00 -8.139295259225621804e-01 -1.135229647345402437e+00 2.061018225216657118e+00 -1.550929127399510755e-02 -8.423205138430745614e-03 -1.020325188055965171e+00 -8.492960761508012990e-02 7.876049511184260443e-02 1.319870495888246564e+00
1.219762886399363838e-01 -2.961107435903169716e-01 -8.781437895645214375e-01 -2.243807395978714148e-01 -1.430099658456431388e+00 -5.120832894404120372e-01 2.381288081344504204e-01 1.077838487334770834e+00 -1.441311580963008820e+00 -3.870932656565710395e-01 9.763172047749614502e-02 -1.162669816123333533e+00 5.695523621700884428e-03 3.569437851739392514e-02 2.753305537195544606e+00 1.775075467240295191e-01 -1.201627891138475485e-01 -1.537084845055277427e+00
-7.409184615436342769e-02 1.258862765608071421e-01 -7.223750196390098521e-01 -7.492920092345396466e-01 -1.301943098183885317e-01 -2.516923242669417693e-01 1.935884667263925926e-02 1.190441004887414111e+00 -8.862527625198819425e-01 -6.599978010881899504e-01 4.874385573131226890e-01 -1.854588222243772622e+00 9.577089722719435427e-02 6.948546492258074470e-02 -2.901355563504377955e+00 -3.299543571557747579e-01 4.882230828568819292e-01 -1.334989321278849506e+00
